0
1014
1499.9
1465.4
1465
1466.7
1444
1413.5
1403.9
1354.6
1417
1445.3
1440.2
1393.8
1383.8
1353.8
1343.8
1324.4
1350.4
1357.7
1371.5
1338.4
1334.9
1331
1317.6
1332.5
1322.9
1329.9
1312.5
1315.7
1329.6
1341.8
1345
1384.2
1380.9
1368.5
1370.7
1360.8
1349.4
1367.3
1370.4
1358.1
1374.7
1376.8
1391.8
1378.5
1390.1
1388.7
1388.8
1384.1
1377.6
1403.4
1393.8
1383.6
1388.4
1389.7
1390.2
1397.3
1385.2
1386.9
1389.7
1385.8
1380.2
1370.5
1367.4
1362.2
1354.3
1363
1355.9
1349.9
1352
1347.1
1344.8
1354.1
1348.9
1343.1
1341
1335.3
1336.5
1341.2
1341.4
1344.6
1345.4
1344.9
1357.1
1354.3
1351.7
1352
1357
1346
1347.6
1354.3
1357.5
1363.9
1363.2
1374.7
1368.8
1369.1
1362
1358.2
1362.1
1363
1364.1
1357.1
1355.5
1355
1354.5
1351.7
1356
1353.3
1359
1361.3
1358.6
1361.6
1365.2
1361.6
1365.3
1365.2
1363.6
1369.1
1375
1375.1
1375.6
1375.1
1374
1373.2
1368.7
1370.7
1366.6
1365.5
1367.5
1366.7
1362.2
1365.5
1369.2
1366.9
1370.2
1366
1369.1
1381
1379.3
1374.8
1374.4
1377
1376.1
1377.2
1378.4
1384.6
1388.3
1387.3
1392.4
1393.6
1395.5
1392.9
1387.7
1383.3
1383.3
1381.8
1382.7
1380.7
1381.3
1382.6
1382.9
1378.8
1379.4
1378
1379.8
1376.8
1376.3
1377.7
1377.8
1379
1377.6
1374.8
1379
1376.3
1378.6
1383.1
1386
1384.3
1381.2
1380.1
1380
1380.9
1379.7
1379.1
1380.1
1379.8
1375.7
1371.9
1375.7
1374.3
1372.1
1368.9
1366.7
1362.7
1364.1
1362.7
1362.7
1362.6
