0
1014
1389.9
1302.2
1332.3
1286.1
1279
1314.9
1286.8
1263
1275.8
1285.2
1321.2
1332.4
1284.9
1282.6
1267.3
1246.9
1226.8
1277.7
1267.2
1271.8
1268.2
1255.5
1238.3
1218.7
1209.8
1237.4
1238.3
1230
1221.7
1224.4
1226.8
1250.5
1258.4
1283.2
1287.1
1276.7
1270
1264.4
1254
1281.7
1291.5
1277
1268.5
1287.2
1285.3
1302.2
1304.4
1312.1
1302.4
1311.6
1308.3
1309.4
1311
1314.3
1302.7
1294
1304.2
1302.8
1304.5
1301.3
1302.7
1307.4
1318
1310.1
1299.5
1296.2
1295.8
1286.5
1293.2
1291.1
1286.1
1287.6
1284.8
1278.6
1286.3
1287.6
1285.5
1277.4
1278.2
1274
1276.6
1280.1
1279.7
1279.6
1274.5
1277.9
1284.5
1289.4
1295
1290.3
1285.7
1294.1
1292.7
1289.7
1294.7
1294.6
1292
1297.9
1303.9
1309.9
1309.4
1310.2
1302.4
1306.6
1304.4
1306.5
1304.9
1305
1299.4
1294.4
1290.7
1298.5
1298.4
1292.3
1296.9
1293.5
1297.4
1295.5
1302.8
1303.2
1304.1
1304.8
1302.3
1309.5
1310
1311
1314.9
1318.8
1315.3
1314.6
1310.5
1311.6
1311.6
1307.6
1308.4
1308.4
1309.9
1308.2
1307.7
1314.8
1316.3
1316.4
1317.2
1314.1
1318.6
1324.3
1325
1322.5
1321
1320.7
1324.4
1325
1323.3
1325.5
1328.4
1335.7
1335
1340.5
1336.1
1339.2
1336.3
1333.5
1331.3
1330.2
1326.7
1324.3
1322.2
1319.2
1318.9
1318.1
1320
1318.5
1315.1
1319.6
1317.5
1318.2
1315.7
1314.1
1316.2
1315.6
1316.6
1316.4
1315.6
1317.7
1320.7
1319.4
1322.1
1321.3
1324.9
1319.6
1318.5
1316
1316.2
1314.6
1318.5
1319.2
1319
1313.9
