0
1014
1389.9
1411.4
1411.2
1402.5
1340.5
1382.5
1363.1
1323.2
1380.5
1389.1
1451.5
1430.6
1400.1
1368
1368.9
1347.5
1334.2
1392.6
1384.9
1393.5
1378.7
1345.3
1317.6
1311.9
1328
1332.8
1319.4
1297.6
1296.5
1302
1324.9
1322.5
1343
1344.9
1327.8
1331.7
1329.4
1324.9
1345.5
1344.5
1341.2
1330.4
1342.7
1348.4
1361.4
1356.6
1357.8
1348.6
1363.7
1361
1364.1
1380.9
1375.3
1373.1
1368.3
1378.1
1383.5
1379.9
1372.8
1383.7
1382.2
1386.9
1377.3
1377.8
1372.6
1361.7
1352.9
1361.7
1357.3
1353.4
1353.7
1350.3
1352.9
1352
1348.2
1339.7
1335
1327.1
1331.5
1332.1
1325.8
1324.9
1326.8
1321.1
1324.1
1328.8
1332.9
1326.8
1330.9
1326.3
1327.4
1324.4
1334
1334.1
1337.7
1340.3
1348.9
1342.1
1345.8
1337.7
1342.3
1338.3
1339
1335.4
1331
1324.8
1322.7
1322.4
1323.4
1326.4
1319.8
1326
1319.6
1318.1
1319.9
1319.7
1325.7
1324.5
1330.4
1326.4
1335.6
1338
1339.9
1340.3
1342.1
1340.3
1337.8
1334.7
1335.8
1333.8
1334.1
1336.9
1338.9
1335.4
1332.8
1341.2
1340.9
1339.7
1344.2
1342.9
1340
1345
1350.7
1345.2
1345.2
1344.2
1349.5
1347.1
1346.8
1348.1
1354.2
1356.5
1360.3
1358.3
1359.8
1365.4
1363.9
1360.5
1357.6
1355.5
1354.1
1351.1
1349.5
1349.4
1351.4
1349.3
1348.9
1349
1346.5
1347.1
1347.4
1351.7
1349
1349.1
1348.9
1351
1352.5
1352
1353.7
1357.1
1362.8
1360.8
1365.6
1362.9
1362.1
1357.7
1358.9
1358.1
1358.7
1359.2
1361
1356.5
1354.4
1355.7
1356.2
1353.2
1350.2
1348.7
