0
1014
1389.9
1302.2
1289.4
1226.6
1264.1
1302.7
1249
1206.9
1253.5
1256.9
1269.4
1301.9
1258.8
1239.6
1214.2
1227.2
1210.6
1200.9
1232.2
1219.5
1217.4
1206.3
1192
1182.6
1165
1185.6
1187.4
1190.6
1180.1
1176.7
1195.3
1202.8
1228.8
1238.9
1253.7
1255.8
1244.9
1237.8
1235.8
1232.8
1240
1255.7
1251.3
1232.3
1250
1253
1256.6
1259.1
1264.9
1267.8
1270.4
1265.8
1262
1262.1
1271.8
1267.9
1254.8
1256.6
1256.7
1264.7
1266.8
1261.8
1271.8
1273.4
1278.7
1271.4
1262.2
1261.4
1259.1
1255.6
1254.4
1253.1
1252
1246.1
1247.5
1238.8
1248.4
1247.7
1247.5
1237.5
1237
1233.3
1236.5
1238.4
1237.3
1234
1230.7
1228.7
1232.1
1238.9
1239
1244.6
1242
1239.5
1242.1
1241.3
1239.9
1245.6
1246.2
1250.2
1253.4
1265.5
1264.2
1266.1
1262.6
1261.2
1263.7
1263.4
1260.9
1258
1255.5
1253.9
1255.2
1254.4
1255.8
1254.2
1252.7
1257.1
1255.8
1259.3
1261.6
1264.1
1263.7
1262.7
1264.2
1264.2
1266.4
1266.7
1267.3
1269.6
1275.5
1278.6
1275.7
1275.6
1275.8
1274.5
1271.7
1269.1
1271.9
1274.5
1272
1269.4
1273.8
1273.3
1272.5
1272.9
1271.7
1271.7
1277
1282
1280.8
1276.7
1275.5
1279.1
1282.6
1282.4
1278.3
1279.6
1288.7
1295.2
1295.6
1294.5
1294.5
1293.7
1292.1
1289.6
1284.8
1282.3
1282.4
1283.4
1282
1277.6
1280
1280.1
1282.2
1282.8
1280.5
1277.3
1280.5
1277.9
1277.5
1279.9
1279.1
1277.4
1276.6
1279.6
1279.3
1279.1
1281.6
1281.6
1286.3
1286.6
1288.6
1288.9
1285.8
1283.4
1282.5
1281
