LAMBDA  CZAS SYMULACJI
------------------------
0
984.8
1371.9
1350.4
1361.1
1293.6
1309.1
1372.3
1285.3
1260
1226.7
1239.3
1255.3
1309.1
1293.3
1277.5
1258.1
1252.3
1238.8
1217.6
1243.2
1241.4
1236
1222.8
1231.8
1188.8
1191.1
1192.4
1216.3
1203
1189.4
1194
1189.6
1183.4
1189.3
1219
1220.9
1231.7
1237.7
1230.9
1228.9
1225.9
1214.9
1235.6
1242.2
1241.1
1222.1
1226.4
1242.2
1240.2
1251
1246.7
1253.9
1241.3
1246.9
1253.8
1247.6
1255.2
1256.9
1250.2
1248
1241.5
1240.4
1252.6
1249
1249.8
1256.2
1255.4
1253.2
1247.4
1242
1237.6
1244.7
1235
1232.7
1238.9
1236.6
1226.8
1234
1227.6
1228.2
1229.9
1226.8
1222.8
1220.7
1215.8
1212.1
1215.6
1215.5
1210.9
1213.7
1214.2
1214.2
1217.1
1228.1
1227.9
1224
1221.5
1219.8
1219.1
1215
1223.8
1227.2
1228.4
1228.9
1238.3
1243.6
1246
1240.2
1243.4
1239.5
1240.3
1237.4
1242.1
1235.9
1235.3
1232.7
1233.3
1233.3
1234
1235.3
1236.6
1234.1
1235.1
1237.6
1234.1
1239.4
1240.1
1239.6
1239.6
1237.1
1236.3
1236.4
1240.6
1240.7
1245
1245.6
1246.3
1244.8
1241.9
1246.4
1241.8
1245.9
1243
1242.5
1243.4
1245.6
1240.5
1240.3
1245
1244
1245.9
1243.7
1242.8
1246.1
1254.2
1255.4
1251.2
1249.3
1250.5
1253.2
1253.3
1253.7
1254.3
1256.7
1262.5
1264.3
1262.5
1267
1266.9
1264.3
1265.6
1261.9
1258.6
1258.3
1255.2
1254.1
1253.4
1251.1
1251.3
1247.5
1250.3
1247.7
1246.7
1246.7
1248
1249.1
1246.1
1250.6
1248.4
1247.5
1249.9
1249.4
1247.8
1245.2
1245.9
1249.4
1252.8
1253.9
1256.7
