1.12396e+09
1.24828e+09
7.1863e+08
2.8334e+08
9.3128e+08
2.11996e+09
1.45073e+09
1.8486e+09
1.98346e+09
1.53751e+09
1.87547e+08
1.83715e+08
1.97915e+09
7.26027e+08
4.25258e+08
1.47134e+08
6.98285e+08
1.17881e+09
5.21296e+08
4.47541e+08
8.88398e+08
1.66219e+09
2.43107e+08
3.65306e+08
3.82046e+07
1.82038e+09
1.38898e+09
92689
7.18435e+08
1.5969e+09
1.99507e+09
1.9159e+09
5.01075e+08
1.89907e+09
1.62128e+09
2.1268e+09
1.99115e+09
1.30988e+09
1.7761e+09
1.11506e+09
1.6634e+09
1.66112e+09
7.71006e+07
2.01781e+09
9.07582e+08
5.72096e+08
567400
1.48801e+09
1.40756e+09
1.62478e+08
