39
39
26
16
35
35
71
89
17
53
17
107
35
57
19
32
56
79
11
59
100
96
41
145
41
166
41
62
125
46
60
93
62
83
83
31
65
16
83
83
20
125
125
41
83
187
62
15
78
125
56
59
30
40
68
56
107
107
50
66
96
19
136
109
109
78
78
109
44
90
133
35
17
89
115
96
44
14
88
102
117
44
29
47
53
54
62
10
68
59
62
75
75
87
13
26
65
13
78
97
83
125
55
73
58
102
90
23
71
47
11
24
25
57
47
43
60
53
50
25
59
60
70
62
62
16
16
72
50
100
13
26
52
93
83
47
59
35
35
83
83
45
15
68
37
45
70
62
25
50
87
10
20
93
22
71
23
60
6
33
55
31
13
46
34
13
55
102
73
34
56
34
23
47
59
47
32
51
27
13
46
21
33
57
66
62
27
69
54
43
22
34
56
45
56
45
60
34
13
10
40
132
125
15
109
46
125
93
44
30
45
55
27
69
93
64
44
30
100
105
55
83
69
140
31
15
29
51
74
86
71
153
115
72
45
33
50
44
80
35
55
64
55
64
46
57
30
100
53
145
83
20
14
93
46
31
78
62
22
58
60
68
35
67
27
150
33
50
35
39
39
26
118
92
118
92
78
29
29
74
17
25
34
62
93
71
35
35
17
65
105
118
69
55
125
97
27
117
38
76
57
48
36
33
13
105
65
65
39
92
41
55
83
69
62
31
74
83
93
150
100
150
16
112
112
50
62
55
132
51
60
34
34
53
62
54
62
34
96
38
69
73
102
58
44
57
57
30
83
16
142
35
107
53
53
17
125
142
53
125
89
142
13
14
102
14
29
29
117
78
15
93
64
18
46
32
93
50
100
12
25
25
12
37
100
112
37
12
12
27
69
69
83
43
65
11
34
90
90
34
59
52
50
25
75
12
12
50
37
41
55
102
56
35
11
51
66
22
22
16
50
26
52
39
69
13
35
57
50
7
68
7
68
37
100
125
125
27
10
43
56
47
107
11
11
71
11
83
11
20
27
57
30
30
52
52
83
65
10
45
56
56
79
102
56
11
45
35
95
54
36
28
60
20
31
41
10
41
62
62
52
52
83
62
52
34
8
34
17
25
17
53
80
26
53
26
80
17
18
9
27
38
40
16
8
34
38
38
17
17
46
25
8
16
58
16
41
60
18
56
16
24
8
20
5
10
32
43
24
37
25
37
18
83
55
55
15
8
37
47
43
27
21
28
60
17
26
55
36
28
28
17
18
21
40
15
40
10
66
55
9
67
26
27
32
43
65
43
17
71
44
35
26
38
28
3
35
3
10
35
10
31
72
44
17
71
37
46
27
9
83
64
74
27
18
67
39
24
23
8
25
16
33
25
58
34
43
77
8
22
15
23
7
7
54
23
23
62
13
31
18
33
28
25
50
51
58
22
37
7
22
22
68
37
7
8
56
37
18
14
27
20
19
12
25
33
18
36
30
40
48
40
24
72
16
34
29
19
13
28
25
31
21
21
44
22
60
24
16
42
9
9
33
43
24
10
28
7
18
22
40
36
27
13
27
41
27
33
8
8
33
64
35
44
51
36
29
14
14
14
36
15
32
8
30
30
26
8
17
35
29
29
57
14
44
29
12
8
21
30
64
27
9
27
55
67
9
56
12
17
35
8
16
8
34
68
8
17
62
67
9
9
37
27
25
33
17
8
46
28
86
67
28
19
9
23
23
20
15
22
32
38
25
90
22
45
95
83
59
59
23
95
35
25
25
23
19
10
15
20
31
47
95
59
11
6
24
18
37
26
41
107
35
47
107
35
47
13
17
47
23
18
21
10
10
20
31
102
68
90
95
17
24
28
6
34
20
20
12
92
69
86
43
43
76
79
102
16
16
36
56
37
40
26
39
92
32
10
54
21
21
32
56
24
6
57
60
62
6
14
21
17
50
25
69
34
45
35
71
83
25
38
37
4
50
75
37
112
12
25
52
27
71
40
40
27
42
33
39
19
69
55
69
13
132
58
44
34
45
35
39
39
39
12
50
12
100
37
12
75
50
12
118
29
14
90
11
68
47
23
95
59
27
6
34
43
26
58
7
26
92
13
27
79
45
45
90
43
12
30
29
45
30
60
31
62
37
52
78
65
52
35
42
4
15
54
7
29
58
102
102
44
109
140
62
64
48
32
50
44
13
65
92
93
31
47
48
83
38
153
93
48
11
29
74
83
38
66
19
20
22
113
18
31
93
102
45
52
47
62
21
150
166
62
34
25
39
140
109
125
50
35
17
17
35
71
20
20
47
64
75
50
59
50
25
66
100
76
19
38
76
83
62
12
78
33
40
52
34
72
100
100
142
160
107
53
89
35
187
181
204
90
159
181
159
113
45
181
22
22
20
97
43
21
32
68
77
56
100
133
33
66
16
50
66
83
33
71
89
71
118
92
55
73
29
73
14
14
14
109
30
83
72
23
66
62
12
12
13
55
58
117
14
14
15
140
22
57
60
25
75
39
58
58
14
14
125
44
35
27
18
74
44
80
30
37
92
92
105
105
65
13
83
41
41
88
62
31
78
125
11
83
35
58
60
68
62
31
58
33
37
25
27
111
27
83
93
46
56
56
72
58
87
118
26
52
26
52
13
69
41
93
31
140
62
62
8
28
22
53
22
64
40
97
69
111
73
56
29
25
66
41
27
150
33
12
62
39
69
69
44
44
34
34
125
104
145
41
20
31
52
71
44
31
70
50
116
17
107
22
159
159
159
45
22
68
22
113
35
55
15
32
25
97
102
45
68
16
71
125
134
19
62
36
75
111
125
46
55
166
20
20
59
66
55
42
125
93
31
62
250
250
250
83
41
115
134
333
208
250
208
208
250
115
136
125
55
250
218
250
181
90
34
150
200
150
75
25
200
125
25
50
100
125
50
125
25
150
16
100
35
89
125
160
107
35
125
90
116
116
87
25
133
133
66
16
50
50
57
153
19
38
134
173
41
166
125
125
78
20
31
68
90
57
83
90
60
50
87
27
58
50
33
150
107
41
20
90
34
51
77
77
55
75
78
125
70
111
62
115
134
38
115
153
57
41
113
75
29
140
70
89
75
150
71
166
138
281
93
41
68
69
73
73
90
79
20
33
83
71
35
285
166
166
89
76
225
200
125
125
222
159
133
75
178
35
285
166
104
68
150
75
25
100
225
225
111
187
35
142
285
107
250
159
181
159
136
73
50
116
150
150
50
145
125
113
113
181
50
200
83
55
194
125
107
35
38
112
66
100
83
218
218
281
31
125
142
291
41
68
52
105
44
115
20
145
100
194
27
194
55
31
204
30
116
107
142
53
142
134
75
27
250
138
27
83
62
125
214
51
83
109
150
53
160
134
125
83
156
156
71
214
321
250
71
178
134
166
225
55
83
250
125
159
204
14
150
125
125
57
200
25
175
50
200
218
156
53
92
125
225
25
25
200
194
62
93
250
142
250
250
291
250
66
133
150
100
134
145
66
50
75
50
50
75
150
175
100
83
93
125
281
68
113
204
136
90
159
113
55
133
150
50
83
50
66
25
75
83
62
145
125
136
73
140
62
50
142
225
281
62
125
41
125
125
62
125
125
166
13
13
112
115
173
25
150
83
83
134
62
45
204
204
90
88
102
102
79
53
70
55
41
125
35
107
89
125
35
125
17
125
89
71
35
160
35
173
57
76
115
62
62
76
47
47
83
48
75
50
16
33
66
50
57
19
153
38
20
83
93
31
97
16
150
33
116
100
116
53
71
71
142
90
102
34
50
37
60
10
90
97
68
100
100
89
35
89
107
76
187
83
62
20
78
93
78
27
68
20
20
83
133
35
35
57
166
166
73
132
140
46
109
20
40
93
97
97
11
68
33
16
33
50
83
16
38
55
83
55
14
38
40
51
80
52
11
90
133
17
107
53
26
105
92
26
62
62
31
78
46
62
31
78
15
23
70
15
23
75
51
78
52
105
83
83
27
41
13
102
44
88
73
14
46
59
45
30
30
48
42
15
25
16
33
25
118
125
27
41
13
97
132
73
22
11
14
36
66
56
72
24
48
48
118
97
97
46
23
83
71
21
14
53
24
27
102
132
117
117
78
78
16
48
68
50
65
55
55
97
83
73
29
14
44
58
54
23
40
45
28
27
43
15
32
56
12
65
92
52
27
111
97
55
55
140
62
41
55
15
66
58
37
48
39
52
118
105
78
117
88
23
58
68
44
83
31
87
25
12
12
52
13
97
41
88
102
53
58
68
71
80
53
38
105
39
92
65
39
13
39
118
118
78
93
40
51
46
37
83
116
134
19
47
18
86
57
133
100
35
17
89
53
107
17
35
13
92
105
39
55
102
78
34
51
68
15
43
38
38
38
145
166
45
57
90
93
41
83
62
62
52
20
100
66
33
150
83
89
76
104
41
41
58
117
93
15
90
40
72
43
33
116
35
83
83
34
68
39
25
225
218
134
38
153
125
104
159
136
45
58
14
79
68
125
55
62
115
166
62
20
88
73
132
88
109
100
50
38
156
31
218
93
218
38
115
113
181
68
125
44
132
90
51
115
96
125
50
150
25
83
35
115
57
153
19
173
45
90
27
117
117
125
79
133
160
125
125
27
93
291
291
90
181
68
204
45
159
159
22
68
45
181
95
116
50
100
200
125
133
133
50
16
187
83
104
166
204
22
159
109
140
62
78
78
86
50
14
88
62
46
52
75
25
125
214
71
41
125
66
104
145
62
58
222
111
125
83
20
181
100
200
125
100
194
138
27
125
200
150
150
194
138
194
285
333
208
83
291
208
181
118
225
27
27
111
250
204
90
181
113
109
250
31
187
41
105
96
27
27
27
83
138
83
111
27
218
218
83
291
208
291
166
159
96
57
145
187
166
194
250
194
111
27
55
31
178
285
71
95
112
150
100
71
142
285
178
41
41
62
204
15
46
250
107
107
178
65
125
62
187
109
75
62
250
187
62
93
31
166
41
333
125
83
41
41
225
83
55
138
156
116
25
222
27
250
62
250
62
156
22
22
159
222
111
178
142
178
71
83
116
33
53
125
125
89
35
57
125
150
175
75
25
25
175
166
111
187
62
69
133
133
116
150
33
107
125
115
25
100
100
25
50
285
35
41
250
250
125
68
75
78
132
33
133
150
50
100
25
25
138
83
250
194
187
250
62
31
181
90
83
150
150
76
125
218
156
62
93
125
250
291
333
83
375
375
333
62
250
125
62
178
142
250
25
25
175
25
111
250
218
31
62
55
138
83
111
194
166
31
214
214
35
321
178
375
208
375
41
150
175
200
138
156
31
208
134
125
83
62
90
181
204
62
250
66
66
105
250
222
83
83
187
250
250
173
150
175
25
125
125
25
222
194
222
218
187
178
35
142
20
150
160
107
125
111
27
194
194
218
125
107
178
83
41
41
83
41
208
33
83
83
125
55
166
166
111
71
71
166
291
33
17
35
153
134
57
187
90
159
204
136
100
25
50
25
150
50
125
50
150
200
150
66
133
71
134
92
132
225
83
93
62
93
125
250
50
52
47
134
19
173
159
150
100
100
27
166
31
83
83
113
50
55
116
116
125
134
145
25
75
138
83
83
107
62
181
125
75
8
87
25
97
160
107
100
93
250
125
218
156
62
250
153
38
187
166
117
87
65
115
38
175
25
25
150
83
194
27
35
160
115
90
113
204
125
125
111
90
116
100
71
125
218
57
145
104
83
78
92
111
125
62
140
31
62
105
50
100
175
50
83
93
208
57
80
133
71
125
125
57
150
222
83
31
187
187
156
107
375
125
150
100
100
250
134
19
134
38
134
153
25
83
194
166
138
55
93
93
93
125
156
187
62
38
115
19
96
38
83
136
69
133
134
225
100
100
125
175
166
138
166
250
159
86
97
100
150
71
100
71
35
250
71
291
181
90
159
45
181
142
76
150
111
27
62
93
31
218
218
35
321
250
321
142
113
68
90
100
133
100
142
142
173
83
125
75
225
187
62
68
45
69
16
116
83
115
19
115
25
175
111
142
53
35
35
35
20
22
44
102
29
45
47
25
116
83
66
133
66
71
107
71
76
115
134
96
65
83
125
78
46
15
48
50
100
66
50
17
76
96
20
62
125
45
68
159
90
90
52
65
71
76
75
116
89
107
125
17
71
142
125
35
35
13
55
102
78
62
41
43
32
21
10
56
71
76
153
29
38
70
70
90
93
52
83
31
72
16
107
173
125
41
83
125
38
76
57
66
68
22
23
32
66
66
33
66
66
50
25
12
75
62
25
62
112
39
27
55
55
83
83
97
111
27
125
36
50
33
80
64
74
74
112
78
39
65
14
117
46
140
39
45
58
33
75
25
75
41
33
112
39
97
69
41
27
55
125
21
32
76
65
43
54
76
65
68
102
79
79
22
47
11
50
64
64
32
26
26
70
60
70
32
65
54
56
29
66
66
70
62
72
16
41
27
34
59
21
58
29
7
37
69
55
29
53
68
68
92
125
88
132
62
46
40
68
70
62
46
53
33
150
125
145
41
30
29
11
34
41
58
80
55
34
150
173
52
6
50
10
60
140
62
83
113
22
62
75
36
71
150
83
100
33
107
62
37
50
50
133
113
100
75
25
75
150
222
125
93
250
178
166
88
102
27
111
27
31
125
285
83
250
47
116
150
145
25
83
125
75
150
75
125
175
83
125
250
218
218
31
71
71
107
250
160
166
333
208
41
250
208
125
62
93
321
178
159
47
111
69
225
200
100
55
93
178
321
214
45
181
113
250
166
156
93
250
214
41
150
133
71
153
115
104
83
27
156
62
321
178
35
96
25
75
25
125
125
125
75
50
83
285
96
134
153
187
187
83
62
66
194
194
35
107
321
166
66
33
53
187
20
125
50
166
166
166
166
83
138
250
285
321
125
116
160
89
89
142
134
113
111
142
45
45
134
115
83
83
159
27
71
208
50
69
29
102
100
76
41
104
159
68
113
27
27
222
31
281
62
285
321
321
285
142
83
159
159
45
68
113
76
104
125
125
41
175
125
50
150
55
156
104
90
62
132
140
133
19
20
125
145
31
125
31
281
62
93
125
96
134
38
173
57
145
104
62
125
41
187
83
20
187
88
117
132
71
69
66
150
89
142
142
53
125
89
125
125
142
89
134
45
34
45
50
96
57
104
45
22
181
48
70
105
65
52
80
100
116
89
142
145
41
20
62
136
46
112
92
34
77
116
33
35
35
107
115
104
83
20
41
113
45
113
159
90
93
72
68
45
54
40
54
8
116
33
150
96
76
19
76
166
104
104
187
145
44
132
88
29
58
102
125
30
41
68
90
83
34
66
145
83
41
20
44
14
73
109
62
109
46
15
46
31
31
78
62
46
46
46
78
78
55
75
8
62
112
12
25
112
87
37
118
52
13
105
65
92
29
44
88
71
48
57
51
27
37
25
12
100
52
65
13
65
52
31
90
22
56
64
56
40
48
48
78
52
26
26
26
13
39
13
47
42
35
50
83
125
69
111
69
27
125
29
40
58
66
75
77
58
92
13
88
117
58
44
14
93
62
109
31
36
53
58
34
60
44
45
75
12
25
50
12
26
13
65
105
105
52
26
13
78
10
52
83
31
31
10
10
76
32
102
45
34
102
45
30
40
25
35
17
10
40
83
65
97
95
35
44
66
31
62
16
13
13
39
26
27
125
10
54
32
65
65
21
54
76
57
51
36
7
29
58
62
100
52
52
93
32
10
6
39
60
20
100
100
59
107
11
27
39
26
24
60
65
52
105
39
13
58
73
31
32
39
40
40
50
118
39
26
118
92
125
27
13
44
73
14
29
59
25
52
52
41
28
24
64
57
39
83
73
88
29
14
32
13
10
25
44
14
45
31
62
26
65
78
97
44
15
25
38
41
77
71
50
16
25
36
20
48
83
64
16
53
153
96
41
32
86
44
25
19
19
19
153
41
166
20
22
40
23
9
55
125
125
37
96
38
68
181
23
111
83
80
54
68
138
250
250
17
142
17
62
22
136
22
159
87
87
41
97
68
56
107
53
125
125
38
57
20
83
125
22
159
159
22
204
22
22
45
136
90
105
50
41
100
33
50
35
17
89
104
90
136
90
22
68
159
45
22
109
46
47
59
95
47
83
11
51
51
150
16
83
160
35
71
55
55
88
62
15
140
29
40
86
71
107
83
50
33
107
125
97
111
13
125
125
41
41
13
83
29
29
29
73
14
14
79
56
34
34
68
22
32
72
64
34
77
87
13
13
55
140
77
68
66
39
34
33
60
68
37
102
73
78
140
125
35
17
62
55
23
54
39
83
83
41
125
69
111
73
132
42
10
45
35
68
13
23
8
76
52
26
57
76
166
46
125
93
62
109
46
140
93
25
17
80
62
71
56
37
62
100
75
87
25
50
87
13
39
39
92
39
41
27
13
55
11
35
23
25
64
45
33
12
77
83
86
12
12
13
20
20
32
10
23
23
35
16
72
64
56
30
40
40
79
34
11
79
11
56
56
95
41
21
36
64
57
29
51
12
78
72
83
62
31
93
90
90
95
13
62
42
8
39
53
35
14
58
80
72
65
68
56
11
57
52
13
27
10
27
10
27
43
87
52
39
44
45
102
22
11
71
35
26
40
47
62
55
36
39
26
83
73
44
66
30
30
12
12
100
92
118
39
65
97
97
46
31
140
46
46
27
44
35
14
36
112
87
52
92
92
78
105
78
111
41
55
132
14
47
33
39
35
44
13
78
52
52
105
13
105
13
105
41
27
13
97
21
43
68
102
45
71
23
23
35
59
71
37
41
14
21
29
44
13
72
20
76
65
97
65
21
95
9
35
36
53
68
32
52
52
97
111
69
117
46
64
35
35
58
58
68
30
29
58
73
58
29
44
78
125
78
46
125
31
95
60
27
34
20
51
50
62
12
12
87
75
75
87
62
62
75
37
75
97
65
76
76
71
23
107
47
83
71
35
44
45
58
50
25
78
13
111
83
43
23
47
107
35
23
39
54
40
97
102
29
117
44
117
95
107
59
95
83
18
57
42
64
58
17
43
26
35
50
100
112
87
26
93
62
46
31
8
32
38
83
27
9
125
35
17
17
105
78
52
13
26
97
83
27
55
69
13
109
35
48
48
20
40
30
44
62
26
62
37
118
105
52
39
92
22
79
41
53
17
34
62
39
27
97
102
78
62
78
51
36
22
29
14
22
68
60
37
37
62
26
92
13
26
39
13
20
62
10
72
62
76
59
24
5
50
50
51
66
68
37
97
32
23
71
41
31
25
34
64
36
60
30
45
50
62
50
62
12
12
62
10
30
20
50
90
83
20
32
35
45
40
36
44
58
12
75
78
78
27
13
47
47
47
35
47
11
23
11
13
41
41
6
35
40
53
60
53
29
73
44
46
62
55
48
12
75
92
125
27
14
132
88
62
15
46
78
83
32
35
30
40
44
92
105
52
41
111
13
55
13
69
102
44
44
44
117
88
117
29
23
47
59
11
107
95
11
35
23
13
22
62
132
14
102
102
107
35
39
25
30
30
46
70
31
64
40
65
97
55
58
14
58
95
71
11
47
35
83
23
35
11
36
62
105
105
52
88
46
78
15
11
107
95
20
42
68
54
23
62
70
37
83
88
29
29
78
93
62
59
71
13
54
32
25
37
100
25
87
25
12
87
12
32
21
22
34
34
79
90
11
79
23
83
95
48
41
42
7
45
39
26
41
93
20
20
34
56
27
48
50
8
100
112
37
25
87
39
65
52
31
76
21
76
32
45
102
95
35
9
40
45
42
27
64
35
43
20
65
86
54
86
10
65
43
10
65
32
79
34
102
27
46
46
64
19
9
47
24
37
25
12
90
50
60
80
30
80
35
53
62
62
71
35
27
74
27
9
19
19
38
39
22
14
26
38
45
75
8
71
9
57
38
45
5
51
46
22
83
21
43
43
64
18
37
64
23
29
23
46
23
5
53
72
72
93
72
79
55
9
38
57
76
10
21
37
21
27
38
62
41
52
43
32
86
80
27
83
9
27
83
28
57
67
67
48
48
38
76
28
48
35
4
9
32
24
24
16
8
17
17
44
44
17
62
26
17
17
62
15
39
23
54
31
7
7
3
27
33
25
6
36
47
62
71
19
42
14
28
4
25
32
22
45
42
75
41
25
16
33
33
41
75
8
17
38
