43
43
68
11
34
47
41
20
41
42
28
23
44
88
88
29
31
20
27
37
45
37
42
30
45
50
26
52
52
78
60
60
60
60
30
33
13
30
118
15
125
109
37
48
33
86
67
76
78
78
92
13
27
14
29
44
132
73
29
73
37
26
14
39
46
31
12
37
87
100
62
50
125
111
111
111
69
27
55
88
58
11
11
22
11
23
35
22
36
39
72
40
72
48
25
37
12
39
26
83
52
31
20
65
68
90
59
64
39
15
31
15
62
39
39
87
12
118
45
22
47
83
22
23
70
70
50
100
25
25
62
37
112
25
10
52
90
22
11
83
83
107
47
95
47
59
71
22
30
31
56
90
52
79
25
51
44
37
73
62
46
125
15
35
25
45
46
64
50
28
112
78
92
118
41
62
44
29
8
32
40
48
72
8
150
12
46
19
28
22
45
10
35
28
67
47
71
125
17
51
116
66
38
76
62
90
22
59
95
64
112
92
125
80
27
17
89
89
125
142
35
83
125
65
132
109
57
48
34
62
50
75
100
150
35
142
125
71
17
107
17
142
19
52
118
41
117
34
100
55
38
145
41
104
22
113
159
25
105
65
109
65
53
27
62
218
31
107
45
88
96
166
111
250
187
31
281
125
125
107
62
145
22
22
159
22
45
68
45
70
69
150
89
17
134
153
125
25
83
133
16
66
150
50
50
33
33
142
125
115
38
173
76
125
104
136
22
102
59
37
40
97
100
50
35
17
160
173
62
62
187
62
125
54
97
33
53
107
107
53
89
89
115
104
41
62
41
83
68
80
62
41
86
34
66
80
33
96
20
20
125
83
41
125
181
65
92
83
11
11
107
125
107
35
96
38
145
66
50
111
73
14
33
116
83
53
107
89
71
17
107
107
71
35
107
125
107
17
53
41
78
46
38
72
43
97
22
95
75
55
142
76
104
62
22
159
204
62
31
72
93
62
83
100
66
16
100
116
116
57
19
173
57
19
13
125
97
27
29
73
48
58
41
68
11
100
100
33
41
41
41
13
102
58
58
58
14
88
102
15
109
14
60
33
16
66
17
132
62
125
140
8
64
41
46
60
83
16
25
75
50
75
25
39
69
111
97
69
27
15
46
15
17
44
80
22
46
70
62
23
25
29
73
46
46
15
15
109
78
31
62
46
54
47
43
58
50
112
39
118
78
78
78
117
58
14
93
140
140
59
47
47
35
28
50
64
15
15
30
60
56
75
50
12
118
52
118
39
69
86
32
37
29
78
105
92
78
26
52
83
97
41
55
55
41
45
45
31
43
77
58
15
48
56
64
100
25
62
37
25
25
100
78
26
118
26
105
10
57
29
35
53
26
41
55
58
88
73
102
109
51
44
80
8
100
25
100
87
87
75
87
39
26
92
78
55
41
55
41
125
29
83
35
7
14
28
66
66
36
83
44
44
29
14
44
44
73
29
93
35
11
52
46
70
72
72
52
25
73
46
31
78
33
25
77
68
30
37
22
78
31
34
37
83
55
64
83
50
33
100
107
125
60
25
83
74
86
59
83
71
107
134
19
134
19
115
96
187
45
93
76
48
40
60
33
16
142
38
83
22
204
62
40
50
75
118
27
97
102
96
153
19
57
166
20
83
51
62
38
37
39
58
73
71
104
22
113
113
18
125
69
41
117
62
125
125
281
71
83
41
90
45
90
90
204
62
27
41
102
56
95
173
38
50
222
111
111
17
142
35
20
166
20
83
145
166
22
159
22
113
83
58
97
112
66
33
16
83
83
17
53
142
17
71
153
134
96
187
125
62
31
56
95
59
95
47
71
47
35
71
83
71
125
142
71
17
57
88
117
44
88
44
64
80
71
16
134
76
19
125
132
109
46
93
109
15
15
46
40
64
31
93
16
66
33
16
62
37
75
37
25
87
100
52
65
13
73
109
8
53
37
54
31
34
59
52
62
17
71
87
100
80
62
64
76
55
36
80
83
33
41
69
83
69
29
132
117
62
31
78
66
41
66
58
41
33
60
25
17
60
31
39
125
41
111
13
55
111
31
8
62
16
71
53
107
17
65
13
13
93
140
93
46
55
50
89
142
35
107
65
55
73
132
53
44
26
83
86
38
9
30
16
160
57
41
104
15
62
53
19
59
90
41
41
19
60
100
112
13
97
21
50
160
89
35
125
76
57
19
173
173
57
96
57
41
125
67
19
46
58
51
79
107
59
58
75
133
76
76
76
62
181
45
46
52
52
43
21
86
86
33
125
19
68
50
125
111
62
33
35
173
38
76
57
134
134
45
22
34
77
39
65
64
21
57
86
16
33
50
100
150
100
16
89
19
38
96
76
125
125
20
136
111
83
109
83
59
71
64
86
35
19
20
187
62
62
145
136
68
159
80
76
43
60
83
116
116
53
125
62
166
41
187
145
41
125
118
125
102
79
95
95
59
16
134
57
125
20
104
113
45
68
136
136
136
90
68
68
68
79
133
16
66
66
50
35
173
96
113
90
113
113
32
72
10
34
47
116
133
50
83
71
71
134
125
83
37
75
62
105
105
59
100
125
35
89
19
76
19
22
159
80
83
78
78
93
225
125
31
153
41
62
20
22
53
118
26
90
150
225
218
93
281
281
125
38
76
96
41
104
41
125
187
181
181
204
113
102
44
58
132
15
54
17
90
53
173
145
62
20
181
45
181
125
132
44
73
78
46
74
76
96
38
134
19
173
136
68
22
181
75
92
102
142
53
53
115
166
125
145
100
125
97
88
95
35
76
19
145
22
204
68
90
22
113
45
37
57
60
30
31
79
45
79
95
53
35
89
62
83
64
86
66
27
117
23
107
35
95
54
107
35
115
38
57
62
136
45
136
22
204
22
90
113
51
59
80
31
86
90
107
71
142
153
57
19
57
38
20
83
69
78
35
62
37
75
118
25
75
50
200
138
55
111
27
138
222
62
166
125
62
145
41
204
39
93
97
90
62
83
83
160
100
100
50
116
89
35
35
17
89
125
115
145
62
187
125
125
90
46
140
86
62
133
16
150
159
75
52
55
79
102
75
125
125
50
125
75
100
100
55
35
250
33
78
97
100
25
225
175
250
142
87
291
116
100
83
175
194
166
138
218
187
125
83
208
25
100
75
150
225
200
25
166
194
83
55
194
55
55
138
55
83
55
111
125
71
19
166
20
181
136
83
53
107
107
285
321
35
291
53
53
88
100
118
166
166
204
27
111
222
250
31
71
71
166
250
208
83
83
250
250
62
160
19
27
250
22
175
31
218
156
125
178
107
107
375
125
83
83
145
102
109
35
173
57
19
145
68
75
31
156
250
35
142
107
321
159
136
181
71
105
166
20
125
83
41
200
225
25
125
50
150
75
57
113
78
83
117
150
116
150
111
83
66
83
83
50
71
89
166
333
83
59
100
57
25
125
25
75
178
166
291
375
100
50
100
281
93
156
156
218
125
200
125
200
50
134
62
150
150
200
138
250
125
178
333
291
100
134
173
173
115
57
250
218
250
166
208
50
153
150
150
111
55
145
66
35
55
83
55
250
107
178
142
214
107
321
134
19
153
75
111
55
83
194
31
250
375
83
250
125
35
107
96
20
58
125
89
160
45
150
100
138
222
138
166
55
166
83
250
166
93
93
31
156
142
20
83
159
88
83
125
71
225
175
225
194
281
93
31
62
156
156
250
20
68
159
113
173
115
153
187
125
50
200
225
25
225
175
25
100
116
41
117
27
133
133
133
33
100
225
50
100
150
125
134
57
173
134
38
173
136
68
136
112
112
132
62
67
90
62
50
116
116
50
150
17
125
53
160
35
35
160
89
153
153
27
27
27
27
83
76
54
97
100
160
76
41
90
15
90
30
20
70
20
83
16
35
142
160
35
53
89
53
125
71
41
31
46
62
66
53
15
68
62
40
21
71
89
35
35
160
107
71
65
118
26
88
140
14
83
83
31
20
52
72
100
150
134
20
62
20
28
57
46
62
33
33
116
66
66
33
16
53
17
26
92
13
92
69
41
13
31
15
15
77
17
38
58
58
97
102
33
112
25
26
47
33
29
50
20
50
80
33
133
66
83
25
75
12
62
25
87
41
69
55
44
15
125
15
80
74
57
40
65
55
132
117
73
78
78
50
41
58
60
48
57
57
50
90
80
83
83
25
75
12
100
13
92
118
39
52
118
39
92
39
13
26
105
66
86
76
64
32
56
35
12
37
54
83
67
80
16
150
50
107
71
53
89
160
153
38
73
62
15
93
43
60
77
77
16
150
134
83
25
118
93
16
66
50
50
89
115
145
20
181
113
21
34
100
56
173
173
38
83
181
136
113
68
78
102
102
68
32
50
19
16
142
71
35
160
17
19
153
153
153
104
73
117
14
102
14
88
46
78
39
46
38
43
65
45
59
107
58
66
62
41
29
29
23
20
52
83
20
86
54
76
54
160
53
71
142
71
89
13
92
52
65
78
27
83
64
67
48
48
32
150
33
150
118
60
52
72
16
83
50
83
115
173
83
125
181
45
10
86
54
62
60
42
40
70
66
50
57
125
159
90
25
92
41
55
140
77
166
57
41
40
87
39
105
125
28
125
100
83
55
55
166
166
89
134
115
39
133
181
200
225
100
27
250
194
27
31
218
156
31
93
31
115
90
68
113
50
83
66
50
107
107
134
134
55
156
142
35
250
142
142
142
35
109
83
150
187
145
83
41
285
142
200
100
187
321
83
166
125
187
20
166
35
71
285
107
285
153
50
111
138
83
35
160
142
62
187
166
12
50
166
83
111
93
281
214
71
285
291
333
142
35
159
166
83
194
138
138
214
321
90
118
142
89
53
20
166
27
111
222
250
83
55
194
222
321
41
117
132
142
107
333
125
125
107
150
75
75
138
142
250
107
125
138
55
138
27
31
31
31
156
281
31
218
208
208
208
125
116
107
38
115
136
181
150
175
75
27
194
166
138
93
62
38
145
20
104
125
45
204
90
90
204
90
181
22
45
90
204
118
60
100
112
87
25
118
39
78
17
142
53
57
38
57
115
38
19
134
153
159
68
113
76
45
22
102
95
23
33
33
66
133
50
116
16
83
57
20
97
65
21
71
37
62
83
58
109
75
100
100
150
100
225
100
222
115
115
19
20
41
62
90
22
22
52
31
80
59
25
116
89
222
138
142
125
125
53
125
173
57
62
104
125
62
62
20
181
159
204
39
97
44
47
23
67
50
83
116
33
53
17
71
125
35
96
38
38
19
38
57
20
73
102
117
73
31
86
35
33
33
100
100
50
16
125
19
102
14
31
65
160
35
35
142
57
19
115
38
14
31
83
66
70
39
90
50
50
71
35
76
38
83
90
25
36
68
37
10
52
20
62
97
83
100
100
16
150
133
33
107
142
125
83
44
29
14
64
57
60
17
64
45
89
89
38
68
66
41
72
86
50
35
134
20
187
22
66
51
100
13
69
83
27
40
38
115
134
19
38
38
76
57
96
153
115
57
76
134
57
76
19
173
44
46
62
46
15
44
10
68
38
62
26
35
17
115
76
145
104
20
22
46
65
21
65
76
97
66
35
57
38
76
134
45
68
11
56
75
88
140
150
150
83
35
71
76
187
145
104
125
80
75
39
13
102
100
100
150
89
173
83
41
68
90
45
22
68
62
75
97
29
117
65
83
116
115
113
68
92
97
69
69
88
44
117
79
93
187
375
116
25
100
93
156
107
83
291
125
208
50
78
10
16
159
87
75
41
83
375
115
136
27
31
250
250
35
375
83
41
291
250
138
27
27
27
250
125
62
138
27
83
166
166
53
53
38
96
153
142
111
31
31
31
218
31
178
125
250
22
113
68
50
57
96
153
115
115
45
90
75
25
50
125
200
100
62
68
181
181
181
109
140
78
46
112
132
225
27
55
156
96
145
125
145
104
83
104
20
62
45
62
140
62
83
39
142
142
133
33
133
17
107
17
160
107
142
89
71
125
107
160
39
26
105
105
78
78
13
78
26
39
13
105
13
13
27
69
22
56
23
72
48
75
13
58
93
109
140
60
10
41
62
41
31
72
33
65
39
39
65
39
55
111
58
117
68
68
60
80
48
16
12
132
14
46
93
15
42
38
44
7
36
90
71
142
57
96
117
44
93
109
93
78
109
125
31
68
43
9
35
40
40
41
25
50
25
50
87
97
83
77
55
55
34
45
10
65
86
150
100
17
39
39
65
97
41
44
29
117
132
102
73
39
48
56
56
40
37
14
58
102
44
31
15
75
50
25
18
54
68
87
100
12
62
62
27
41
93
17
77
80
27
83
27
64
83
46
9
64
74
27
25
75
26
78
13
105
65
118
78
83
13
88
15
62
18
13
45
35
21
78
117
78
46
70
107
35
160
35
134
57
57
57
19
76
13
69
88
15
125
58
50
9
4
16
50
150
150
50
50
12
52
26
65
27
102
117
73
46
46
31
15
78
51
51
70
11
8
37
65
65
118
102
58
14
58
44
29
46
53
68
53
40
16
48
56
39
28
53
105
111
41
109
46
25
77
60
76
72
24
25
50
62
25
92
39
13
26
44
36
57
6
43
51
83
74
83
39
39
52
55
125
55
55
69
125
30
25
25
57
57
50
33
100
37
50
25
87
78
65
92
118
102
62
66
55
17
71
90
40
90
8
53
43
20
70
30
90
16
38
173
57
38
60
83
58
48
13
175
25
27
97
83
58
42
285
35
125
50
53
107
71
89
107
145
22
22
125
83
93
187
62
178
107
178
107
250
95
125
89
153
62
113
25
50
194
194
62
35
35
35
285
125
75
88
117
100
33
125
145
125
187
125
100
75
156
93
31
31
93
250
96
96
38
38
102
92
173
96
57
25
50
175
25
100
83
111
194
53
71
71
125
142
89
71
35
89
107
89
125
71
62
90
41
41
109
80
150
87
62
150
66
66
125
62
187
39
118
54
222
31
187
31
76
83
41
125
83
20
41
90
117
44
117
93
31
134
83
107
96
38
96
83
125
90
45
204
88
73
88
117
90
68
97
16
83
35
71
107
35
142
17
159
90
113
52
41
117
34
79
71
62
42
100
100
66
16
89
90
136
118
65
27
46
125
109
78
125
43
35
89
125
17
17
38
145
187
22
31
75
78
83
25
200
50
166
138
132
125
89
281
62
31
375
125
89
71
19
134
75
65
11
160
25
25
100
75
75
125
175
250
194
55
31
31
156
41
104
83
62
113
22
45
159
68
112
118
133
150
66
83
125
115
159
45
14
44
102
117
132
93
31
178
111
33
41
45
79
87
102
175
125
27
214
214
107
71
178
214
142
285
109
74
133
66
160
125
83
166
83
83
166
194
111
71
107
214
178
178
35
25
75
111
194
250
125
71
250
83
250
41
88
115
166
166
187
109
53
134
25
150
218
333
125
83
83
73
41
83
291
159
27
222
166
321
68
100
225
25
150
75
125
156
93
125
62
125
71
250
125
83
333
100
75
125
50
175
79
125
200
125
25
222
156
125
142
285
35
107
125
153
96
62
20
83
93
125
31
178
125
291
35
71
38
104
187
50
31
35
250
160
160
134
96
115
166
175
100
150
125
208
333
78
100
83
76
187
90
92
25
50
150
75
187
321
285
41
375
333
111
222
27
55
138
178
41
50
175
166
166
138
27
194
27
27
55
194
138
55
27
93
31
321
35
333
45
102
142
153
166
166
27
55
166
187
218
31
93
31
291
22
22
90
90
22
118
39
69
29
102
50
38
76
45
75
111
138
250
250
62
145
83
145
187
41
41
22
93
133
142
93
93
93
107
142
321
104
41
125
68
68
58
58
59
87
104
125
62
225
50
50
50
125
225
25
125
150
17
38
20
145
62
62
41
159
125
83
33
83
125
25
222
57
20
166
113
45
22
68
87
105
117
109
79
160
19
250
222
111
17
107
53
142
17
107
35
53
115
173
134
41
29
29
125
125
66
100
38
153
115
57
38
166
20
136
136
45
92
118
125
27
69
86
100
57
96
173
41
20
104
41
181
45
68
45
90
22
55
70
97
116
16
50
20
83
58
58
93
65
83
77
66
116
116
133
83
17
83
83
90
87
62
92
118
125
43
34
90
90
50
116
16
160
89
17
160
38
57
38
173
68
68
90
181
22
68
78
30
80
60
34
83
50
53
100
16
50
133
83
62
145
159
62
87
52
13
78
78
140
133
38
113
22
90
159
22
22
181
159
113
181
40
95
150
133
17
125
71
107
125
50
25
100
111
125
15
109
78
95
83
16
33
83
71
125
142
107
107
17
173
134
62
125
73
102
29
29
132
102
90
83
41
62
48
58
86
71
35
89
35
89
90
60
80
62
62
72
86
66
16
16
116
133
50
83
16
83
181
159
102
34
55
83
29
31
17
107
142
17
160
89
153
76
19
125
41
45
204
45
22
62
16
33
66
100
33
83
100
89
76
19
19
173
115
57
27
78
62
97
86
59
23
23
133
66
150
16
50
16
50
33
35
53
160
107
107
105
105
73
102
27
38
53
80
70
70
90
97
100
66
50
66
33
25
62
25
100
87
50
25
50
25
50
69
83
93
78
38
36
34
62
75
75
87
39
111
83
88
14
31
78
109
51
53
55
28
50
39
52
13
39
97
83
58
78
31
75
41
45
60
62
64
48
29
100
37
100
112
87
75
75
78
105
83
27
117
15
15
47
14
64
53
53
54
23
28
45
25
112
13
26
65
111
14
56
77
77
60
66
36
66
37
45
15
50
102
51
26
35
46
46
38
159
90
93
72
76
15
116
145
166
62
83
83
62
57
97
79
78
14
75
100
50
50
100
25
35
107
17
107
104
104
116
100
225
25
75
25
27
222
138
142
17
53
107
35
17
53
89
115
96
173
57
153
38
38
145
90
46
31
62
109
62
93
34
64
37
50
90
68
45
113
45
31
46
46
125
31
93
86
21
11
107
53
134
19
19
104
41
83
38
86
31
13
83
107
107
83
89
125
35
17
107
160
51
71
55
132
71
33
50
107
160
142
38
134
38
83
104
45
113
159
68
136
44
22
83
55
33
33
66
133
17
53
22
22
50
78
55
100
66
33
89
96
187
166
166
104
181
22
113
136
22
136
45
204
22
78
57
66
90
50
47
107
77
44
26
57
150
17
53
89
53
107
125
41
132
88
117
46
40
72
83
83
16
160
89
134
57
68
57
33
30
10
86
19
76
76
38
38
125
145
136
136
77
57
112
100
25
32
71
107
35
35
71
62
125
62
83
102
62
100
153
83
90
45
22
136
90
68
74
105
13
92
92
92
73
59
112
16
150
17
83
145
15
78
31
93
52
25
138
55
104
104
104
145
14
88
58
140
56
12
104
250
93
83
68
45
113
68
58
88
54
83
92
150
150
107
45
90
50
55
93
281
35
62
83
83
83
159
22
90
72
133
66
134
83
100
25
138
160
20
29
31
31
140
107
133
16
160
31
250
35
142
89
100
125
250
93
83
250
65
102
117
83
11
57
173
145
153
83
55
111
83
111
83
166
111
222
125
93
93
62
218
31
218
33
142
89
107
160
100
100
111
27
83
156
250
20
62
166
68
100
23
100
83
75
100
27
62
62
31
187
93
31
125
250
41
20
145
136
113
45
33
33
89
38
96
173
96
134
38
100
25
175
214
142
65
111
116
133
116
100
25
83
35
321
31
35
102
25
75
75
138
250
27
222
166
250
187
187
125
100
194
55
71
333
125
111
125
93
218
218
281
93
31
208
333
27
83
89
160
38
153
38
41
145
166
125
25
25
50
225
125
222
250
281
156
107
142
55
66
50
62
111
83
31
187
62
142
321
285
321
107
35
104
159
159
136
68
90
166
83
62
187
166
125
55
166
138
138
166
41
83
187
62
136
78
11
97
105
117
71
89
107
125
50
75
50
75
66
150
89
38
41
39
92
150
150
100
116
75
62
125
142
250
333
66
50
111
93
41
333
166
112
79
173
134
150
100
93
218
125
187
285
83
111
132
100
222
83
125
75
93
31
187
31
125
93
250
83
19
153
19
153
134
83
150
107
35
142
107
166
153
187
50
75
225
62
250
142
166
187
50
175
50
222
27
83
250
27
31
93
62
250
250
35
166
45
136
45
204
136
136
90
90
22
113
117
116
66
142
125
20
200
75
66
33
115
166
45
90
125
125
68
102
102
175
100
175
25
200
50
