13
20
13
13
6
62
27
28
22
18
22
21
7
14
21
57
12
12
56
44
6
12
32
46
27
48
27
13
26
8
25
7
31
56
6
6
18
50
38
19
32
44
38
25
44
57
38
38
12
32
32
19
23
5
23
30
6
31
7
12
24
29
33
7
34
30
19
24
24
66
33
20
13
26
13
26
30
7
42
7
21
50
21
70
54
7
48
6
41
28
29
7
34
30
22
7
30
31
24
28
57
57
34
22
14
18
20
20
23
4
15
11
28
28
7
44
22
54
23
47
55
41
13
20
41
20
25
26
18
22
15
26
28
22
36
29
22
14
7
44
40
20
13
27
34
41
34
41
13
27
62
55
48
27
30
20
3
13
31
25
40
27
33
54
27
27
54
6
13
6
27
11
21
9
17
23
17
32
19
19
40
47
6
33
6
60
13
6
55
30
12
12
20
14
25
11
29
22
33
50
12
6
31
37
18
12
33
22
50
44
5
5
11
40
29
17
11
17
14
9
22
32
16
22
34
51
29
11
29
53
17
48
10
18
14
22
29
6
6
43
5
27
17
34
11
34
23
23
5
5
30
12
10
22
9
15
21
28
39
17
24
6
31
6
10
14
24
6
6
33
30
24
20
30
3
24
33
20
6
34
34
13
41
26
15
20
24
17
3
25
12
44
25
19
44
47
27
48
24
14
24
9
30
6
6
26
6
20
13
17
7
21
7
57
14
25
12
19
39
19
59
19
6
59
46
6
52
19
19
26
11
21
18
16
19
51
32
25
12
25
33
60
13
20
40
41
6
36
48
30
6
30
54
6
28
22
16
29
13
12
46
6
23
20
24
17
19
16
9
11
3
26
10
20
6
12
13
13
19
41
16
31
22
26
19
32
38
12
25
44
6
32
39
26
6
13
20
6
6
13
33
13
27
3
29
11
16
21
18
19
12
38
13
20
6
41
27
48
48
11
9
16
9
9
7
32
37
25
25
25
31
19
19
13
21
18
25
14
25
25
12
51
44
32
27
33
48
34
62
62
6
55
6
12
16
23
20
6
6
24
25
6
44
32
20
6
28
21
21
35
6
50
12
6
13
6
6
33
13
41
14
9
22
14
7
16
12
43
18
6
46
26
20
41
14
18
33
22
7
64
21
60
16
18
25
28
22
32
8
8
56
32
56
16
16
64
40
8
16
8
18
20
17
26
22
22
44
7
22
45
60
53
15
7
15
23
7
39
24
6
6
41
14
25
32
18
33
14
7
26
28
22
7
7
7
45
52
39
52
27
13
6
60
54
13
2
9
12
28
5
34
28
14
36
57
19
44
27
47
6
14
26
17
18
15
64
14
31
12
50
6
43
31
37
18
25
6
6
25
20
29
18
20
19
34
34
43
56
6
19
46
47
41
27
12
20
20
24
28
10
14
37
45
6
13
39
33
33
13
47
27
34
19
35
23
36
36
28
50
6
6
6
34
34
16
22
12
7
35
28
50
57
14
29
52
59
26
10
34
64
58
51
48
8
16
40
3
3
28
14
7
28
10
12
5
23
15
37
37
15
37
30
68
45
53
37
39
26
6
13
41
55
27
3
14
10
18
57
7
36
7
22
45
41
27
23
10
29
3
15
23
21
22
8
56
8
36
36
36
26
33
30
34
18
7
7
64
35
28
42
21
7
15
54
46
64
56
6
13
13
6
20
34
18
25
10
10
11
14
7
7
16
2
18
20
18
28
4
20
16
20
35
35
35
66
66
44
36
68
32
16
32
17
35
11
35
7
44
7
22
58
7
45
30
60
37
30
68
19
19
48
13
20
34
20
20
14
11
22
15
18
31
20
64
14
19
51
46
46
46
33
6
40
6
26
26
18
3
27
26
15
50
31
25
50
18
25
38
38
39
26
32
59
32
17
11
5
52
5
11
17
29
11
48
48
54
6
24
12
7
17
21
25
14
13
5
5
23
29
5
41
5
5
29
5
47
23
11
53
47
17
53
15
23
18
21
26
30
24
7
38
33
16
34
45
46
5
17
21
23
10
17
38
16
11
6
36
36
5
5
12
30
3
13
22
33
22
17
23
52
5
17
3
19
22
29
6
5
34
28
34
28
5
45
46
17
17
17
17
5
30
16
9
3
29
19
17
29
6
18
5
38
18
25
22
15
18
22
22
6
16
16
38
5
11
34
5
53
41
38
21
38
10
16
24
9
9
27
15
44
50
11
33
34
40
46
11
34
11
17
23
17
9
24
24
27
16
30
24
6
54
36
10
15
3
28
12
15
2
23
22
11
46
5
29
18
48
18
15
16
11
28
9
15
19
12
9
21
24
21
9
22
11
11
33
33
16
27
22
38
22
27
22
52
11
52
5
11
13
17
10
10
19
20
24
17
22
51
54
12
12
18
18
13
11
45
45
28
28
22
51
11
11
17
23
17
46
42
12
19
17
18
25
28
8
26
15
24
12
12
27
44
11
44
38
33
38
11
29
26
26
37
31
8
2
22
5
36
15
25
19
31
31
31
5
5
39
11
29
52
5
5
30
24
6
9
18
19
16
6
19
12
45
11
17
41
23
5
29
30
24
28
22
16
10
15
27
34
34
5
51
17
24
12
6
25
9
18
31
37
43
27
39
51
34
5
17
29
29
24
10
14
25
28
15
4
20
44
27
45
12
18
22
22
18
43
18
19
32
59
23
17
19
15
6
28
19
18
26
26
27
41
28
13
17
17
13
31
32
46
6
34
17
14
21
14
33
10
31
14
28
24
13
21
7
14
29
22
37
39
13
48
13
10
16
13
14
14
25
7
21
21
7
42
42
21
14
15
19
27
55
20
27
55
3
20
17
14
7
32
28
28
57
25
6
38
32
6
23
23
20
12
21
14
11
18
23
39
27
6
10
15
20
9
33
19
22
14
35
29
36
37
30
15
19
20
13
13
6
47
20
20
6
6
4
14
11
3
22
14
26
19
14
36
38
38
32
6
32
13
6
14
12
14
26
7
26
30
7
31
19
31
28
25
12
26
19
34
31
35
21
22
62
39
39
31
7
46
72
62
62
13
34
48
48
6
6
55
22
18
34
21
12
22
23
64
14
6
25
6
57
57
57
44
55
20
13
32
32
32
16
6
18
7
50
12
32
26
10
19
27
31
27
25
24
23
24
6
16
42
28
14
7
50
15
39
7
23
23
31
16
13
25
8
71
62
53
23
62
62
15
34
19
5
19
25
20
26
50
75
8
60
51
68
22
28
4
24
8
17
53
27
48
37
33
37
25
29
17
35
32
21
15
8
75
33
8
8
62
62
26
55
18
57
28
17
20
45
16
41
58
16
8
8
68
8
68
68
18
83
37
83
74
74
74
9
15
62
7
70
62
54
40
16
32
16
33
16
8
55
64
19
30
17
6
18
32
66
33
8
17
77
17
48
86
76
57
56
4
15
17
33
14
24
20
34
68
83
40
25
41
13
22
18
12
90
50
60
20
50
16
66
16
8
66
66
16
8
16
75
25
8
66
41
34
17
77
22
66
7
7
24
16
31
36
4
37
37
33
17
71
48
9
16
11
31
38
33
33
6
15
35
35
27
48
22
12
37
55
69
10
34
47
16
27
33
16
33
25
87
140
109
45
48
34
48
14
14
75
37
52
26
27
55
111
27
13
55
27
14
14
132
102
117
31
35
23
107
23
47
83
23
95
23
29
13
24
19
13
24
42
7
10
70
60
10
30
10
10
72
10
72
10
34
47
19
19
19
27
62
62
40
10
10
10
43
11
50
15
32
20
30
10
10
10
65
76
21
86
23
11
23
59
11
48
6
36
42
26
20
25
62
43
86
86
54
56
18
12
50
50
39
23
17
29
10
10
11
39
25
12
37
46
26
46
40
62
25
12
12
12
12
62
31
62
41
83
31
44
26
48
48
55
6
92
111
27
50
38
51
39
18
13
50
92
118
13
117
29
29
140
125
78
42
29
22
32
58
87
50
75
50
50
37
50
105
65
13
39
83
41
132
58
117
88
15
78
47
52
18
3
112
78
13
13
26
26
125
46
31
31
60
62
12
75
37
100
87
12
87
26
65
55
13
97
27
73
14
31
15
46
51
53
24
37
87
100
37
50
39
39
39
97
13
41
55
13
46
15
23
9
45
40
35
66
28
30
78
13
39
39
125
58
102
73
132
62
93
47
38
21
14
53
46
27
37
87
37
87
50
25
97
13
27
117
33
44
37
70
24
87
37
100
50
12
12
62
100
25
75
25
25
10
65
65
54
83
20
51
39
46
13
88
140
125
16
8
25
45
22
13
118
39
92
27
27
83
14
29
29
117
37
39
25
66
50
41
35
58
25
62
37
50
75
12
50
13
13
39
41
29
53
40
47
31
48
16
100
26
13
14
14
102
29
46
40
25
83
27
31
133
35
39
52
92
26
65
92
14
102
50
33
8
34
25
26
64
100
116
19
38
55
29
29
73
102
14
132
29
93
93
31
125
78
46
46
78
78
46
125
33
32
54
5
62
87
78
78
111
17
60
44
60
100
50
73
88
18
28
76
38
16
33
16
100
83
50
116
83
116
33
75
62
12
41
125
97
97
27
125
111
55
27
55
40
75
25
48
34
27
66
50
50
52
39
92
13
111
13
83
97
13
55
83
13
48
30
75
75
58
25
66
25
12
100
62
100
44
132
29
50
41
41
25
55
33
52
13
27
132
125
62
62
78
93
31
50
68
80
26
62
105
111
69
102
31
78
125
50
43
9
26
33
100
50
76
27
125
31
140
109
125
62
21
28
67
46
150
16
83
50
12
75
39
97
69
69
55
13
125
55
73
14
73
102
62
80
18
31
40
32
27
41
87
37
25
87
50
52
105
26
92
78
41
27
27
58
34
90
11
22
46
62
54
8
41
36
36
41
50
62
87
75
105
39
78
118
65
55
65
22
79
34
57
60
60
52
25
87
37
37
100
97
97
109
21
21
51
44
25
37
83
93
31
46
78
140
42
36
83
50
76
19
104
62
15
109
31
46
140
31
62
78
54
70
46
18
58
50
17
134
69
55
83
14
73
109
44
50
86
19
44
66
16
66
16
33
50
53
89
53
39
27
13
73
102
76
29
33
60
30
80
116
66
19
90
204
97
83
64
17
17
53
71
89
142
125
38
57
173
38
57
134
134
62
187
60
53
41
57
70
83
46
89
53
83
41
113
68
22
90
45
50
118
55
69
86
45
83
16
125
160
107
96
104
104
62
109
109
72
107
50
66
181
90
71
75
92
20
65
68
22
45
100
38
76
41
41
166
20
73
125
62
67
19
46
72
50
32
35
58
50
34
100
19
83
62
70
43
86
65
22
22
34
16
50
125
35
35
136
57
53
68
50
86
66
150
50
160
96
153
204
113
45
109
78
140
44
68
68
70
39
50
16
33
50
83
66
50
83
12
97
83
73
14
117
44
93
62
27
53
7
70
90
76
116
13
78
105
92
39
83
55
55
13
88
44
58
44
88
109
9
41
58
42
41
25
50
25
39
52
13
44
66
44
46
50
53
134
134
73
125
75
75
35
46
86
66
33
116
38
68
68
22
204
45
22
64
46
18
45
47
14
57
30
97
76
76
41
20
113
204
90
204
90
45
11
83
83
97
35
133
16
76
134
153
90
22
136
22
113
204
90
11
16
116
16
160
38
153
19
38
115
96
173
45
40
32
54
32
68
107
33
66
66
173
96
96
96
153
19
19
76
76
58
117
73
102
46
93
9
35
23
72
90
21
76
23
56
19
20
83
117
29
29
102
88
29
31
15
15
78
31
15
54
40
6
26
44
62
71
100
37
87
41
27
125
69
69
125
97
97
102
132
56
56
11
68
34
34
56
34
68
79
102
23
83
56
39
35
26
71
17
20
62
11
47
11
23
23
71
23
31
31
54
70
54
32
32
40
8
55
70
80
30
72
93
20
31
41
93
31
10
72
21
11
45
79
55
37
64
9
74
83
76
48
57
57
57
26
59
60
10
32
10
65
17
46
46
64
64
64
55
9
74
18
46
37
64
38
9
53
29
53
38
35
33
25
58
41
8
58
17
44
74
9
19
38
9
64
72
15
32
27
10
35
75
37
74
64
48
9
22
17
41
29
66
41
8
44
35
8
18
37
18
64
55
57
67
19
9
43
10
33
31
31
8
58
68
8
76
28
57
26
42
47
27
30
83
31
41
34
60
43
17
9
37
18
9
46
46
18
37
37
37
46
64
48
38
72
20
18
42
9
33
24
38
24
8
41
50
62
18
55
18
38
38
26
16
24
4
32
29
18
16
75
8
33
16
41
60
34
8
26
15
15
37
22
60
15
37
30
22
7
53
37
7
32
32
8
12
29
25
25
50
35
7
14
7
66
66
46
23
15
9
12
8
29
9
22
64
14
22
7
7
7
7
32
16
16
23
30
21
26
39
40
8
42
14
21
7
16
40
18
25
31
28
38
39
29
8
8
42
7
14
58
22
44
60
60
37
23
22
12
16
29
34
21
35
14
14
37
22
37
30
31
31
7
31
23
8
38
23
27
36
32
36
29
7
7
37
22
22
7
15
37
15
22
46
33
33
13
54
54
6
6
27
21
32
36
20
32
28
57
58
14
22
19
19
19
26
6
32
32
27
20
27
54
30
21
30
26
27
14
52
27
20
62
27
41
27
62
34
62
24
12
33
14
7
70
13
20
7
27
15
27
35
31
12
4
26
23
28
42
57
44
7
22
37
15
24
55
13
13
30
7
35
23
12
28
57
28
42
14
57
14
7
19
21
16
31
15
53
30
68
22
45
60
15
7
37
22
30
60
62
62
54
24
33
2
16
3
64
64
28
50
21
28
50
21
58
14
6
52
6
25
26
22
4
21
14
35
14
15
53
68
15
62
27
22
11
18
23
35
7
37
46
23
40
16
25
20
26
58
14
14
36
7
39
54
23
11
12
37
20
26
29
30
22
31
7
7
16
32
14
23
15
7
7
48
17
25
20
4
8
37
38
17
25
8
17
14
58
60
19
33
21
38
17
4
8
16
58
41
66
8
71
30
7
37
37
7
68
22
15
60
7
60
70
36
20
16
21
19
22
25
8
14
58
14
66
22
68
23
39
31
7
31
15
15
23
40
8
21
25
12
31
36
24
28
13
7
42
35
64
22
7
58
22
30
53
8
16
13
29
30
23
19
23
35
32
36
36
8
16
35
14
66
36
7
37
6
32
19
20
18
7
19
19
25
25
22
14
37
30
16
12
18
4
8
4
33
15
24
72
32
40
72
48
38
21
38
23
50
64
14
64
7
57
50
42
14
50
14
21
57
14
36
66
53
70
64
8
40
7
15
35
28
25
21
15
62
15
24
40
32
24
17
8
4
26
31
64
21
35
50
29
7
15
15
23
8
40
24
48
25
25
21
21
19
30
31
3
30
60
7
15
7
25
11
4
31
16
14
35
28
7
7
28
7
64
21
58
30
22
31
13
22
17
7
35
32
25
13
28
21
7
22
22
53
45
15
30
13
26
32
37
68
7
15
7
68
30
31
62
39
13
60
27
18
26
11
15
23
35
23
7
7
57
21
7
31
15
64
56
24
5
23
23
15
11
28
32
28
44
7
51
40
24
40
16
23
23
27
23
28
20
32
10
19
28
36
7
15
37
30
60
31
39
7
72
6
13
13
6
55
6
6
3
30
11
35
24
12
50
37
25
6
12
12
25
60
13
13
20
20
13
13
13
33
26
35
31
19
33
56
12
6
6
14
23
18
23
7
19
7
7
7
25
19
19
13
26
46
32
6
54
27
41
34
62
29
5
35
28
37
12
31
6
43
25
51
25
33
18
19
23
19
19
24
32
15
7
7
53
46
13
27
40
27
48
20
20
12
10
35
35
7
14
42
35
42
57
64
12
43
25
12
3
22
18
23
13
24
16
26
23
50
50
51
44
6
32
44
6
47
32
10
22
23
21
35
64
50
64
22
53
45
37
7
60
37
54
20
33
40
13
47
20
27
33
6
40
6
33
33
20
20
6
54
23
17
21
22
15
15
22
20
15
31
18
50
12
51
12
6
6
41
36
20
27
10
21
28
6
59
47
27
20
48
12
12
24
6
6
24
10
22
23
6
18
43
6
56
25
16
27
27
17
11
34
30
31
7
22
20
32
32
32
13
13
12
18
3
23
13
17
7
43
6
31
50
12
12
51
19
33
11
23
23
12
24
6
31
19
29
37
18
50
56
12
19
44
38
19
59
29
12
18
6
24
31
10
31
10
17
44
26
59
26
13
48
23
3
20
6
18
27
13
31
21
9
14
12
21
25
18
29
7
11
56
13
33
13
6
13
10
28
3
22
3
32
25
44
22
6
34
27
20
3
20
28
7
22
29
36
37
7
31
20
28
17
15
17
10
25
10
22
22
68
45
46
31
23
31
70
40
47
41
20
55
27
22
28
33
18
3
28
42
35
7
36
22
7
22
60
54
54
33
20
54
20
6
22
19
28
33
11
34
22
51
14
36
44
6
41
48
16
18
33
15
35
28
28
14
57
35
57
35
15
46
8
32
28
18
3
17
11
22
7
42
29
58
58
36
31
72
32
6
34
33
26
9
20
31
11
4
32
7
66
22
39
32
40
16
14
7
31
11
21
7
58
22
45
22
22
68
7
15
7
16
16
6
20
41
34
3
28
35
7
35
28
50
14
14
42
50
31
43
12
44
38
38
6
33
6
13
62
14
27
23
14
13
5
8
26
15
64
21
35
45
62
7
15
70
46
7
7
16
25
4
33
7
7
27
7
21
21
22
36
7
51
29
14
36
14
7
66
31
8
34
23
13
32
32
60
31
15
23
46
7
8
15
24
23
36
14
51
14
22
44
37
23
32
32
16
55
22
7
1
30
57
15
15
22
62
15
54
31
32
48
6
41
6
15
31
35
21
28
7
36
7
51
12
51
46
39
27
47
6
24
6
16
36
28
18
16
28
44
12
51
32
21
19
7
19
31
28
7
57
51
39
70
33
7
15
10
12
24
32
36
24
12
12
7
50
21
14
22
7
36
15
46
34
34
6
62
24
24
26
34
11
23
15
35
31
32
12
50
21
14
7
29
6
19
13
52
26
46
6
19
26
59
46
46
33
13
6
33
27
17
53
41
11
7
1
22
15
12
32
17
34
56
56
12
6
19
6
39
22
51
11
29
17
35
29
31
10
28
3
20
18
7
25
10
10
27
34
34
35
23
29
47
5
12
36
24
18
18
22
19
16
26
12
30
20
16
38
11
39
28
34
40
17
23
23
29
47
10
42
18
9
14
10
23
27
13
10
16
27
5
44
17
17
39
31
21
47
42
37
10
48
21
11
10
27
38
44
39
30
20
15
40
20
20
5
5
16
13
10
13
20
44
22
30
30
20
42
38
32
16
32
16
12
29
12
9
29
33
15
20
30
10
5
21
21
27
14
9
9
22
5
35
30
12
18
6
15
21
27
16
44
27
27
11
16
27
16
11
27
29
24
12
16
28
18
12
27
27
21
15
10
44
11
34
17
40
23
12
12
24
21
27
38
27
13
12
24
18
9
5
5
17
42
15
20
7
9
20
5
16
5
51
17
39
34
29
12
27
6
27
16
16
13
25
25
25
12
12
43
12
28
5
46
34
17
18
36
23
23
26
24
12
24
11
21
28
12
38
5
17
29
41
5
5
29
17
23
12
42
36
36
17
20
26
3
12
17
17
28
45
36
42
6
18
6
3
12
21
8
19
56
11
22
33
17
5
28
22
5
11
52
5
23
5
11
17
31
37
5
47
5
5
5
5
5
37
15
21
26
31
10
14
14
14
14
5
10
18
23
20
17
20
26
12
33
38
51
10
35
10
5
11
14
6
20
9
16
13
22
5
39
34
28
14
50
5
5
5
50
16
22
5
17
40
23
17
11
41
25
18
28
25
3
15
22
22
5
5
16
44
33
33
22
5
5
5
21
5
27
5
21
3
27
3
12
24
33
5
22
33
5
45
15
10
45
35
15
45
5
30
10
25
5
40
10
5
5
10
10
43
11
8
20
11
17
25
5
25
25
10
5
30
5
31
26
8
23
21
12
9
27
25
14
17
2
15
26
5
26
5
26
15
21
21
10
26
31
33
16
19
16
16
21
30
5
30
20
10
36
10
15
28
33
38
33
43
43
14
28
19
14
29
44
29
14
9
35
35
22
