9
46
18
76
67
9
19
76
40
20
48
43
41
77
34
26
19
76
57
48
76
76
26
37
30
30
10
20
80
41
8
8
25
50
41
17
8
68
18
64
37
19
36
36
41
33
42
14
14
14
41
51
71
15
31
26
11
34
23
23
33
58
25
50
58
58
26
35
83
55
28
38
26
38
10
32
38
28
25
28
20
25
8
25
33
66
37
9
9
9
27
83
55
40
15
16
27
25
23
16
16
25
58
16
8
8
37
27
27
27
37
55
74
83
57
20
10
30
25
20
32
37
38
14
44
25
25
26
44
64
48
19
38
14
27
21
40
20
19
8
41
41
8
44
44
71
38
38
19
25
35
20
26
50
10
31
93
34
25
60
17
51
71
71
35
44
80
17
8
53
18
9
46
28
20
25
42
42
15
50
25
75
43
43
60
17
43
26
8
8
62
18
28
14
26
25
16
8
8
41
25
43
60
60
77
77
68
17
53
83
18
15
62
23
62
3
9
37
39
34
14
16
50
8
25
16
75
16
34
22
66
51
7
46
54
31
15
31
70
23
48
33
20
8
18
50
30
7
23
23
7
23
8
32
16
4
45
8
16
58
33
45
7
56
40
40
24
8
16
8
31
27
18
18
18
28
4
35
21
7
31
24
24
18
13
37
37
16
16
51
44
30
31
8
13
30
35
36
18
27
50
75
16
17
27
27
18
62
39
8
33
12
8
39
39
21
26
13
41
77
8
28
9
67
30
18
12
35
33
53
35
26
26
26
26
8
55
9
19
28
12
30
34
31
35
18
25
75
66
8
25
43
35
27
9
9
19
25
21
15
22
40
41
18
42
14
50
34
17
9
27
29
3
25
30
35
25
50
43
8
60
17
77
25
43
8
25
51
34
53
37
55
9
33
30
27
18
8
75
41
16
58
16
58
8
26
80
27
18
13
25
40
42
42
38
28
8
51
17
71
26
35
53
44
44
18
74
19
18
14
43
17
53
26
53
44
26
37
9
15
36
29
16
50
58
75
58
17
62
27
74
74
86
57
19
9
42
38
58
41
66
33
58
25
68
68
60
8
44
17
8
44
53
46
48
56
16
16
72
11
17
22
31
33
9
22
9
16
50
21
7
57
39
22
14
14
28
28
38
22
50
25
17
34
77
17
34
7
3
25
42
23
33
14
24
43
4
14
33
41
8
75
41
16
8
7
64
15
45
19
9
40
9
4
37
24
19
15
33
25
25
77
40
21
29
23
18
4
4
75
60
17
18
9
27
67
8
24
32
8
64
4
17
22
8
15
15
36
8
51
43
17
26
53
83
39
54
7
15
15
23
40
29
12
30
30
40
22
41
8
58
8
60
23
7
31
15
31
24
25
40
26
22
31
58
25
68
8
71
62
22
70
23
17
4
21
31
9
50
75
8
51
43
43
60
25
8
77
51
37
37
7
15
31
62
7
35
22
14
6
36
33
16
51
25
8
7
22
22
14
30
45
22
68
30
45
16
17
18
23
37
51
36
36
7
22
37
53
7
7
7
56
21
13
32
20
34
14
58
15
22
37
53
7
48
32
34
12
20
14
25
30
21
57
64
64
57
7
22
23
16
8
72
25
26
20
16
16
22
68
37
7
64
40
56
13
15
21
18
27
66
43
15
7
7
62
38
12
34
21
22
26
9
8
8
16
8
7
31
31
15
54
72
32
16
40
24
56
72
48
16
27
21
33
29
25
34
36
36
22
22
66
7
53
15
46
13
18
29
21
34
17
19
20
16
28
44
36
58
30
30
60
8
32
32
16
8
56
56
34
48
13
12
30
23
27
57
35
66
14
15
22
37
68
37
7
15
6
52
27
6
6
54
33
40
13
8
34
7
27
20
20
23
50
12
6
12
6
51
6
12
19
19
20
7
16
22
14
4
33
35
20
6
12
32
39
13
27
32
32
24
16
50
6
25
6
46
32
59
54
27
13
13
55
13
6
13
7
32
7
7
18
37
25
44
44
12
19
13
6
41
13
55
55
12
36
24
36
12
18
17
14
21
29
26
6
37
44
38
39
11
6
24
6
30
28
31
33
12
31
44
16
44
11
50
38
39
34
5
17
29
48
6
17
17
27
14
15
38
27
51
34
22
34
29
23
23
30
20
27
17
18
2
6
6
59
46
52
29
23
41
41
29
16
30
27
30
3
13
20
10
3
14
15
25
59
11
5
12
12
18
36
26
10
3
20
20
24
9
50
38
33
11
27
50
16
22
22
33
5
45
11
30
6
42
18
32
21
5
32
20
7
19
17
41
11
35
36
12
24
6
16
26
27
4
12
25
12
25
25
17
11
17
11
52
11
23
17
36
3
23
16
21
17
12
13
25
3
6
9
15
38
17
40
17
29
24
28
13
3
21
28
34
17
23
5
52
52
17
46
40
23
6
6
18
18
9
17
23
32
20
23
21
7
26
30
13
6
19
26
46
39
46
26
52
32
26
32
27
27
18
30
12
30
19
16
16
19
19
26
13
50
56
52
6
6
23
52
46
17
47
35
5
6
24
18
42
21
18
3
9
12
6
29
29
12
38
5
5
40
46
5
34
17
29
29
23
29
40
11
17
29
35
35
5
47
37
10
15
15
38
27
8
17
19
10
24
3
11
5
33
5
23
17
31
16
24
18
18
34
34
17
45
46
34
11
52
17
10
37
12
17
23
27
12
12
19
44
44
16
5
27
17
5
17
17
37
8
11
20
6
16
22
34
17
17
11
40
17
53
18
12
30
30
12
5
28
3
9
38
38
16
38
50
44
5
5
5
34
45
11
22
5
10
15
10
26
31
26
5
47
21
27
21
27
12
16
15
15
5
29
31
36
46
47
47
42
10
21
21
10
42
5
15
21
15
24
12
20
25
15
15
40
30
20
25
35
20
41
31
5
36
41
15
36
10
22
16
25
5
17
30
10
30
26
42
17
20
26
5
45
15
5
5
15
40
10
10
5
30
17
23
17
20
26
12
27
24
27
10
20
20
10
26
31
15
20
10
5
42
10
27
5
43
10
4
24
14
29
8
10
13
13
31
26
10
10
20
10
10
23
20
6
11
14
15
10
25
25
20
42
42
37
10
21
5
12
10
11
11
5
11
19
20
10
41
5
47
19
22
14
12
17
28
45
11
34
26
20
10
15
10
17
14
14
14
22
20
11
27
29
5
29
47
17
47
37
5
14
8
25
20
16
34
5
39
17
17
34
11
17
5
11
10
31
16
17
13
13
16
16
25
8
10
22
33
38
16
11
11
15
10
46
5
5
10
21
10
21
25
17
22
16
12
46
23
17
52
41
47
26
47
5
15
5
25
22
5
11
2
23
44
38
38
50
44
27
40
20
20
46
5
10
8
21
13
1
3
13
40
11
53
48
10
21
11
19
11
19
25
14
20
14
39
11
23
29
40
5
52
12
12
54
23
23
24
20
14
12
53
18
12
16
18
25
28
28
25
12
6
32
6
34
13
48
42
18
6
30
12
12
6
18
9
15
12
50
25
44
6
40
27
6
6
36
36
15
15
27
9
18
18
6
16
13
13
6
31
37
31
12
31
18
6
6
39
13
55
55
62
6
6
41
12
12
32
6
26
59
13
39
19
46
39
41
29
27
15
12
15
28
28
9
16
6
23
26
28
42
28
44
58
29
57
59
32
20
12
9
30
34
22
28
7
64
29
53
60
53
30
45
46
13
47
6
27
47
13
13
40
40
47
33
7
17
17
9
14
7
57
28
19
6
13
39
52
20
27
55
6
34
21
10
14
13
4
21
8
18
18
25
59
6
6
40
20
13
27
41
14
30
7
31
28
15
17
37
6
40
60
41
34
13
11
25
25
28
32
33
18
7
21
6
60
27
27
27
6
20
48
41
25
18
11
26
23
14
6
37
37
18
6
12
32
19
6
7
9
19
7
35
14
56
25
12
19
38
44
6
32
6
29
3
12
15
11
14
28
57
39
6
48
48
48
34
33
18
33
14
22
20
14
50
44
22
36
13
55
12
8
25
22
26
26
29
22
14
57
29
29
7
14
14
29
44
20
41
55
27
17
22
18
3
6
18
14
22
15
31
23
18
10
14
21
18
7
11
7
23
7
50
28
7
21
58
30
68
70
30
19
15
20
24
26
14
70
62
31
54
62
39
32
7
3
15
3
42
21
15
40
28
36
24
16
29
20
25
25
75
51
60
80
53
15
53
46
54
62
32
12
28
21
19
33
66
41
16
77
71
37
15
37
53
22
15
15
70
23
48
16
32
8
16
8
64
48
16
28
22
14
20
20
50
28
35
7
30
45
23
31
15
31
46
23
48
15
11
27
13
42
50
7
50
22
22
53
32
56
16
19
21
38
4
20
36
16
23
7
53
46
23
7
39
15
32
56
48
8
12
25
31
14
9
37
44
46
23
7
16
56
8
8
26
13
29
42
14
14
28
14
62
70
62
40
8
25
34
17
8
8
25
64
28
28
57
7
29
29
45
23
7
39
70
54
40
55
41
27
6
62
27
41
6
15
8
13
15
15
31
20
16
7
58
30
3
23
11
12
57
66
51
14
14
15
31
54
23
70
62
27
8
5
19
11
23
8
21
14
31
72
48
16
56
8
62
24
11
32
2
23
7
28
28
14
66
7
19
46
13
13
34
26
30
15
24
24
26
35
35
22
15
6
55
13
55
34
13
27
6
15
11
20
16
16
28
28
28
50
42
43
25
43
56
32
25
25
57
44
51
25
13
30
21
35
26
12
12
31
31
57
12
40
40
13
6
24
31
15
3
15
36
28
6
13
52
20
6
18
10
21
11
16
24
32
12
28
45
15
40
26
19
16
14
16
26
3
34
11
3
29
51
7
31
24
36
28
16
38
27
50
30
40
36
16
11
20
53
53
17
44
9
76
48
24
48
16
26
30
15
7
20
20
66
60
60
25
17
80
46
31
15
16
56
26
24
18
25
25
29
8
17
9
18
86
48
24
23
14
20
20
16
77
68
8
26
35
80
17
44
9
40
32
18
5
26
11
8
16
43
77
26
37
9
21
10
10
38
38
41
35
80
35
46
9
76
67
28
38
9
26
27
45
25
80
10
40
72
17
8
51
60
34
68
9
38
24
9
13
26
9
50
60
43
10
10
11
21
30
45
41
31
21
16
27
50
40
21
22
45
59
15
47
27
11
22
11
29
43
11
102
41
30
34
7
17
20
51
92
92
13
12
87
117
117
73
46
46
30
14
50
7
53
15
6
27
6
37
97
97
29
22
66
25
17
133
53
71
35
17
65
26
69
62
15
15
31
35
30
36
18
50
89
71
52
26
41
27
97
125
125
13
14
88
29
88
117
73
29
117
73
9
37
70
23
24
16
51
77
25
58
58
14
58
44
140
83
31
47
30
34
35
6
17
8
34
87
62
50
13
13
118
111
55
41
41
35
11
68
15
62
62
31
15
12
12
75
100
50
50
13
41
13
62
35
23
13
21
21
54
46
39
70
40
62
62
25
37
83
41
97
55
10
11
107
41
13
31
53
13
13
13
78
78
118
39
65
118
76
90
79
52
26
42
56
48
75
37
105
27
13
13
140
93
93
93
28
64
21
14
118
132
15
109
140
140
62
93
78
62
56
56
30
50
28
58
12
25
12
26
65
55
14
44
117
29
88
11
34
45
56
23
32
44
75
25
105
26
26
13
92
13
73
11
35
45
66
46
72
72
42
92
55
41
31
51
58
64
83
62
62
12
39
46
70
46
47
33
34
77
46
125
55
17
51
20
33
33
83
173
19
57
57
19
104
41
60
58
9
9
12
93
40
125
53
142
89
89
107
89
17
35
107
89
39
41
132
117
88
29
48
7
76
31
50
116
62
38
10
80
41
83
38
45
68
24
66
51
55
64
90
50
133
100
53
53
187
62
125
83
113
113
113
68
204
102
59
25
66
43
107
62
54
46
34
150
96
38
134
92
102
132
14
95
142
173
38
41
113
69
55
111
111
69
125
58
16
133
133
100
50
133
50
17
173
62
46
62
87
78
39
111
109
34
40
125
71
115
115
62
68
204
90
181
204
22
159
87
69
69
111
48
74
133
100
133
33
142
96
57
38
96
19
57
19
38
57
38
83
20
145
44
70
23
35
83
107
16
83
16
35
107
89
17
35
17
92
105
14
15
72
21
21
54
86
16
50
33
100
83
100
53
142
17
107
39
41
93
93
31
58
68
56
60
40
93
62
72
100
16
71
17
35
69
44
117
44
14
102
60
68
64
60
60
33
116
173
153
41
83
86
76
107
95
50
50
16
50
57
20
41
25
111
194
166
125
125
55
41
117
44
57
100
142
89
173
285
214
107
208
333
29
46
62
53
65
105
113
204
200
55
55
166
31
142
321
136
136
153
200
25
225
225
111
27
111
166
178
89
71
160
133
33
50
166
53
150
222
208
111
66
100
175
125
138
111
166
321
173
25
200
222
250
187
250
35
225
55
281
104
20
204
113
133
134
125
200
150
173
115
150
50
25
27
55
27
27
142
71
145
166
97
150
107
89
53
160
134
173
20
100
50
100
107
57
96
187
125
83
41
125
62
20
45
22
113
45
68
204
90
45
181
159
68
15
68
45
93
93
72
93
87
105
150
16
66
116
16
116
33
12
12
37
12
62
52
117
132
73
78
46
46
15
93
31
31
46
125
125
78
47
64
9
76
100
25
37
39
41
29
132
88
117
117
102
11
68
68
102
11
68
56
102
22
90
57
66
8
58
41
42
52
32
56
102
56
11
22
35
35
35
7
28
64
12
12
92
10
83
41
93
10
62
35
59
35
29
50
42
70
39
31
70
39
10
40
50
10
31
11
40
33
33
27
48
43
125
93
107
59
45
57
52
13
59
55
29
75
92
78
13
55
14
64
48
48
40
47
12
78
13
78
39
92
65
118
26
69
83
111
69
111
13
73
45
47
95
71
32
39
34
43
9
14
50
32
40
50
52
52
92
52
72
52
22
79
22
11
47
11
21
21
30
72
40
45
12
20
62
20
10
62
41
21
10
54
76
102
22
22
95
38
6
12
6
27
62
31
62
59
23
21
58
51
22
50
62
55
111
32
10
54
79
90
57
33
60
55
62
14
26
8
57
12
37
39
14
58
140
6
6
57
51
51
40
78
39
140
140
95
11
23
18
6
12
20
50
111
62
93
17
19
86
41
55
55
102
117
88
48
10
42
31
34
38
40
24
62
26
52
13
125
125
29
102
14
102
132
58
6
48
55
28
48
32
23
87
12
69
44
132
58
68
79
45
35
47
66
66
37
31
7
23
28
39
46
10
10
11
71
107
59
107
83
35
23
43
57
14
54
46
54
62
20
52
20
72
72
56
18
15
14
64
64
23
37
12
22
56
45
71
23
35
95
11
95
107
60
33
40
47
20
15
48
40
35
23
57
62
55
25
10
47
75
100
62
75
26
78
26
39
13
58
68
34
59
23
71
107
11
59
83
35
44
21
31
25
43
43
37
44
25
90
90
43
43
21
90
68
34
59
83
59
13
55
41
15
60
52
72
97
76
21
76
76
54
21
54
102
11
52
50
19
50
20
10
86
34
11
54
6
62
62
62
55
55
30
90
21
86
10
45
79
34
47
47
6
100
62
69
86
43
10
10
43
76
43
34
34
34
102
34
79
24
43
59
36
27
25
7
25
10
20
10
70
83
93
10
54
11
31
31
52
52
43
24
50
50
37
50
60
50
80
10
62
86
10
32
32
76
76
56
90
35
11
83
48
29
16
39
28
50
32
59
46
30
40
52
62
76
34
74
18
18
64
40
34
34
34
11
22
35
35
11
35
47
59
23
35
23
95
25
44
9
24
37
10
40
52
72
20
31
56
79
34
11
102
68
22
102
79
34
38
19
38
38
48
9
16
34
23
52
29
46
24
30
36
60
41
62
43
8
28
27
19
38
50
11
34
28
52
50
10
44
35
9
64
37
18
74
18
55
19
36
40
10
50
70
20
25
60
64
37
39
41
47
30
20
30
10
102
56
68
11
68
36
18
44
22
86
45
22
28
39
30
4
31
31
56
50
12
50
52
37
37
83
20
65
97
79
34
11
68
53
35
11
17
53
30
43
112
13
52
10
31
31
52
45
102
68
50
38
38
39
46
54
8
13
78
13
83
125
11
107
20
20
59
42
7
62
62
62
37
75
50
12
25
118
102
44
27
6
112
25
39
52
26
44
31
78
31
93
62
31
15
107
47
11
38
12
60
36
14
54
12
125
55
27
97
44
79
55
28
20
64
56
78
41
41
41
69
41
140
11
14
17
42
64
29
32
39
13
105
125
31
140
125
32
56
75
8
71
26
53
44
44
13
13
44
58
23
38
71
26
66
83
66
33
133
19
173
41
27
125
83
13
41
111
55
29
68
38
32
160
89
17
71
107
89
53
89
83
58
125
46
62
78
62
62
18
6
60
65
92
55
44
117
29
78
78
15
46
109
109
31
125
71
44
80
62
12
62
78
26
83
55
13
14
58
14
29
125
18
67
32
32
52
12
25
32
50
59
75
62
50
12
37
100
25
12
37
12
12
65
31
39
32
36
50
26
13
125
34
43
62
86
9
48
62
41
111
83
58
117
78
29
16
66
50
53
35
41
68
54
47
93
30
33
53
35
71
71
107
38
76
19
187
83
181
22
113
45
53
83
43
33
53
57
76
153
125
187
45
45
52
111
69
71
47
57
166
104
166
41
20
83
62
104
41
187
187
73
102
93
31
62
35
45
7
51
20
22
43
60
62
66
116
134
38
96
38
153
204
46
109
56
60
60
34
68
90
102
56
11
104
145
45
47
107
25
75
133
116
33
16
50
17
160
17
134
115
134
38
38
153
38
41
41
62
117
58
78
62
47
62
68
95
62
112
50
76
104
181
45
45
15
93
109
109
125
46
46
10
62
79
66
71
125
35
17
19
166
88
78
31
46
55
86
35
71
83
50
50
160
145
113
90
125
28
48
14
62
62
70
83
150
16
33
116
17
89
160
173
83
41
78
31
19
38
86
45
56
41
71
95
83
33
100
83
100
16
66
133
50
150
50
16
100
100
87
52
83
31
46
15
28
67
66
11
159
22
48
76
50
225
175
68
45
54
54
37
57
58
25
75
214
178
208
17
57
20
62
83
133
62
100
50
100
75
150
100
125
27
27
107
35
321
35
104
104
22
22
117
102
66
50
83
150
71
125
55
27
125
125
125
204
159
45
136
90
181
90
66
116
150
50
187
166
200
50
222
222
83
140
140
153
225
175
125
194
83
55
222
285
107
35
125
166
160
115
71
166
375
291
83
204
46
59
37
74
112
150
53
71
175
200
250
83
218
250
35
107
166
41
65
41
125
291
333
375
333
250
142
41
250
93
93
35
41
113
125
225
225
100
166
250
218
156
75
125
55
111
83
27
111
250
31
187
187
321
285
35
178
153
150
187
125
107
71
285
107
142
35
208
166
160
166
187
125
104
187
25
107
125
333
291
173
145
113
25
200
25
138
138
111
83
111
138
138
194
222
31
281
166
166
134
125
133
125
125
125
150
225
75
50
100
150
250
218
62
125
125
250
41
291
62
112
35
71
105
71
173
57
55
250
145
62
125
166
145
41
50
100
100
50
125
125
166
88
117
150
66
50
38
76
75
111
111
111
55
55
31
166
46
76
75
50
17
107
175
125
166
166
111
62
62
187
71
142
44
150
107
160
115
75
27
125
62
166
250
83
90
39
83
125
173
181
125
125
27
156
187
62
218
125
285
166
250
125
166
97
133
194
281
218
62
166
41
125
125
116
100
68
55
27
83
83
71
118
187
62
187
250
218
93
125
281
156
93
93
250
93
93
71
136
204
181
68
68
22
22
173
76
153
153
96
173
225
200
175
150
50
225
116
142
96
19
96
19
134
115
62
41
83
109
62
93
125
125
100
142
19
41
83
83
20
20
62
41
104
187
20
166
166
62
83
104
109
93
46
125
86
65
54
43
76
45
71
153
20
45
113
62
75
65
88
102
17
89
107
113
90
107
19
56
52
25
25
222
138
55
178
104
64
64
58
58
41
57
57
125
100
250
138
107
178
285
71
250
204
113
181
181
31
93
150
33
104
225
25
100
138
111
250
166
93
93
218
19
38
115
76
45
68
109
166
250
166
138
222
89
96
19
76
19
57
76
134
153
104
145
